1702400
389300
506700
353500
321700
463300
365000
334300
430300
300600
434700
427500
420600
281800
256000
335400
392800
297100
296800
257600
275400
356500
307100
349900
316400
382200
332900
400600
412100
251000
368800
369800
418300
333700
306400
297600
408100
330900
309700
296700
369300
426000
355900
278600
379100
276800
343900
405400
386100
387300
296900
311300
413500
392500
416200
417700
278300
259200
298100
313800
354700
252800
431700
332500
268800
389800
358900
304300
257800
564400
613200
544500
435000
492500
914300
418400
443200
361900
291500
644200
299600
649500
524400
540100
385700
489700
377400
275800
371300
408000
447600
272200
416900
437100
386800
282400
410400
328900
394800
375600
